100
102
272
294
369
374
382
424
445
483
488
494
543
573
575
579
583
621
661
686
694
846
913
1124
1225
1260
10008
10014
10018
10035
10041
10055
10071
10079
10082
10110
10222
10235
10300
10302
10340
10346
10370
10420
10424
10469
10550
10696
10783
10812
10879
10921
10924
10929
10931
10970
11044
11150
11172
11219
11332
11364
11417
11461
11462
11498
11547
11559
11586
11614
11636
11677
11713
11727
11764
11799
11805
11827
11849
11875
11877
11942
11958
12136
12149
12250
12289
12290
12342
12372
12403
12502
12527
12554
12577
13088
13091
