11172
12402
12250
10550
10300
661
11172
12577
11799
12289
621
11727
11547
10424
11942
11661
11364
11498
10300
11764
11586
10235
374
10696
567
1583
10004
10954
11849
10370
11547
12468
12015
12157
10919
579
300
170
11650
11677
11219
1124
11044
11947
12136
11958
10055
273
162
255
12342
10071
10469
371
382
834
906
10783
10281
10773
11614
11723
493
11172
11727
11479
11805
11875
12149
12502
616
550
10035
834
12527
10879
11313
11934
136
138
413
443
640
694
458
483
10019
10222
10189
12372
10392
294
11872
583
543
10650
10924
673
514
11988
10258
10107
146
11340
10954
11849
11804
11805
11572
11286
1260
10363
11462
1266
441
10102
11308
725
10370
978
11629
10699
10110
11417
10879
10948
846
11934
12527
