1 10
2 10
3 10
4 10
5 10
6 10
7 10
8 10
9 10
10 1
11 1
12 1
13 1
14 1
15 1
16 1
17 1
18 1
19 1
20 1
21 1
22 1
23 1
24 1
25 1
26 1
27 1
28 1
29 2
30 2
31 1
32 2
33 2
34 2
35 2
36 2
37 2
38 2
39 3
40 3
41 1
42 2
43 3
44 3
45 3
46 3
47 3
48 3
49 4
50 4
51 1
52 2
53 3
54 4
55 4
56 4
57 4
58 4
59 5
60 5
61 1
62 2
63 3
64 4
65 5
66 5
67 5
68 5
69 6
70 6
71 1
72 2
73 3
74 4
75 5
76 6
77 6
78 6
79 7
80 7
81 1
82 2
83 3
84 4
85 5
86 6
87 7
88 7
89 8
90 8
91 1
92 2
93 3
94 4
95 5
96 6
97 7
98 8
99 9
100 1
101 1
102 1
103 1
104 1
105 1
106 1
107 1
108 1
109 1
110 1
111 1
112 1
113 1
114 1
115 1
116 1
117 1
118 1
119 1
120 1
121 1
122 1
123 1
124 1
125 1
126 1
127 1
128 1
129 1
130 1
131 1
132 1
133 1
134 1
135 1
136 1
137 1
138 1
139 1
140 1
141 1
142 1
143 1
144 1
145 1
146 1
147 1
148 1
149 1
150 1
151 1
152 1
153 1
154 1
155 1
156 1
157 1
158 1
159 1
160 1
161 1
162 1
163 1
164 1
165 1
166 1
167 1
168 1
169 1
170 1
171 1
172 1
173 1
174 1
175 1
176 1
177 1
178 1
179 1
180 1
181 1
182 1
183 1
184 1
185 1
186 1
187 1
188 1
189 1
190 1
191 1
192 1
193 1
194 1
195 1
196 1
197 1
198 1
199 1
200 1
201 1
202 1
203 1
204 1
205 1
206 1
207 1
208 1
209 1
210 1
211 1
212 1
213 1
214 1
215 1
216 1
217 1
218 1
219 1
220 1
221 1
222 1
223 1
224 1
225 1
226 1
227 1
228 1
229 1
230 1
231 1
232 1
233 1
234 1
235 1
236 1
237 1
238 1
239 1
240 1
241 1
242 1
243 1
244 1
245 1
246 1
247 1
248 1
249 1
250 1
251 1
252 1
253 1
254 1
255 1
256 1
257 1
258 1
259 1
260 1
261 1
262 1
263 1
264 1
265 1
266 1
267 1
268 1
269 1
270 1
271 1
272 1
273 1
274 1
275 1
276 1
277 1
278 1
279 1
280 1
281 1
282 1
283 1
284 1
285 1
286 1
287 1
288 1
289 1
290 2
291 1
292 2
293 2
294 2
295 2
296 2
297 2
298 2
299 2
300 2
301 1
302 2
303 2
304 2
305 2
306 2
307 2
308 2
309 2
310 1
311 1
312 1
313 1
314 1
315 1
316 1
317 1
318 1
319 1
320 1
321 1
322 1
323 1
324 1
325 1
326 1
327 1
328 1
329 2
330 2
331 1
332 2
333 2
334 2
335 2
336 2
337 2
338 2
339 2
340 2
341 1
342 2
343 2
344 2
345 2
346 2
347 2
348 2
349 2
350 2
351 1
352 2
353 2
354 2
355 2
356 2
357 2
358 2
359 2
360 2
361 1
362 2
363 2
364 2
365 2
366 2
367 2
368 2
369 2
370 2
371 1
372 2
373 2
374 2
375 2
376 2
377 2
378 2
379 2
380 2
381 1
382 2
383 2
384 2
385 2
386 2
387 2
388 2
389 2
390 3
391 1
392 2
393 3
394 3
395 3
396 3
397 3
398 3
399 3
400 3
401 1
402 2
403 3
404 3
405 3
406 3
407 3
408 3
409 3
410 1
411 1
412 1
413 1
414 1
415 1
416 1
417 1
418 1
419 1
420 1
421 1
422 1
423 1
424 1
425 1
426 1
427 1
428 1
429 2
430 2
431 1
432 2
433 2
434 2
435 2
436 2
437 2
438 2
439 3
440 3
441 1
442 2
443 3
444 3
445 3
446 3
447 3
448 3
449 3
450 3
451 1
452 2
453 3
454 3
455 3
456 3
457 3
458 3
459 3
460 3
461 1
462 2
463 3
464 3
465 3
466 3
467 3
468 3
469 3
470 3
471 1
472 2
473 3
474 3
475 3
476 3
477 3
478 3
479 3
480 3
481 1
482 2
483 3
484 3
485 3
486 3
487 3
488 3
489 3
490 4
491 1
492 2
493 3
494 4
495 4
496 4
497 4
498 4
499 4
500 4
501 1
502 2
503 3
504 4
505 4
506 4
507 4
508 4
509 4
510 1
511 1
512 1
513 1
514 1
515 1
516 1
517 1
518 1
519 1
520 1
521 1
522 1
523 1
524 1
525 1
526 1
527 1
528 1
529 2
530 2
531 1
532 2
533 2
534 2
535 2
536 2
537 2
538 2
539 3
540 3
541 1
542 2
543 3
544 3
545 3
546 3
547 3
548 3
549 4
550 4
551 1
552 2
553 3
554 4
555 4
556 4
557 4
558 4
559 4
560 4
561 1
562 2
563 3
564 4
565 4
566 4
567 4
568 4
569 4
570 4
571 1
572 2
573 3
574 4
575 4
576 4
577 4
578 4
579 4
580 4
581 1
582 2
583 3
584 4
585 4
586 4
587 4
588 4
589 4
590 5
591 1
592 2
593 3
594 4
595 5
596 5
597 5
598 5
599 5
600 5
601 1
602 2
603 3
604 4
605 5
606 5
607 5
608 5
609 5
610 1
611 1
612 1
613 1
614 1
615 1
616 1
617 1
618 1
619 1
620 1
621 1
622 1
623 1
624 1
625 1
626 1
627 1
628 1
629 2
630 2
631 1
632 2
633 2
634 2
635 2
636 2
637 2
638 2
639 3
640 3
641 1
642 2
643 3
644 3
645 3
646 3
647 3
648 3
649 4
650 4
651 1
652 2
653 3
654 4
655 4
656 4
657 4
658 4
659 5
660 5
661 1
662 2
663 3
664 4
665 5
666 5
667 5
668 5
669 5
670 5
671 1
672 2
673 3
674 4
675 5
676 5
677 5
678 5
679 5
680 5
681 1
682 2
683 3
684 4
685 5
686 5
687 5
688 5
689 5
690 6
691 1
692 2
693 3
694 4
695 5
696 6
697 6
698 6
699 6
700 6
701 1
702 2
703 3
704 4
705 5
706 6
707 6
708 6
709 6
710 1
711 1
712 1
713 1
714 1
715 1
716 1
717 1
718 1
719 1
720 1
721 1
722 1
723 1
724 1
725 1
726 1
727 1
728 1
729 2
730 2
731 1
732 2
733 2
734 2
735 2
736 2
737 2
738 2
739 3
740 3
741 1
742 2
743 3
744 3
745 3
746 3
747 3
748 3
749 4
750 4
751 1
752 2
753 3
754 4
755 4
756 4
757 4
758 4
759 5
760 5
761 1
762 2
763 3
764 4
765 5
766 5
767 5
768 5
769 6
770 6
771 1
772 2
773 3
774 4
775 5
776 6
777 6
778 6
779 6
780 6
781 1
782 2
783 3
784 4
785 5
786 6
787 6
788 6
789 6
790 7
791 1
792 2
793 3
794 4
795 5
796 6
797 7
798 7
799 7
800 7
801 1
802 2
803 3
804 4
805 5
806 6
807 7
808 7
809 7
810 1
811 1
812 1
813 1
814 1
815 1
816 1
817 1
818 1
819 1
820 1
821 1
822 1
823 1
824 1
825 1
826 1
827 1
828 1
829 2
830 2
831 1
832 2
833 2
834 2
835 2
836 2
837 2
838 2
839 3
840 3
841 1
842 2
843 3
844 3
845 3
846 3
847 3
848 3
849 4
850 4
851 1
852 2
853 3
854 4
855 4
856 4
857 4
858 4
859 5
860 5
861 1
862 2
863 3
864 4
865 5
866 5
867 5
868 5
869 6
870 6
871 1
872 2
873 3
874 4
875 5
876 6
877 6
878 6
879 7
880 7
881 1
882 2
883 3
884 4
885 5
886 6
887 7
888 7
889 7
890 8
891 1
892 2
893 3
894 4
895 5
896 6
897 7
898 8
899 8
900 8
901 1
902 2
903 3
904 4
905 5
906 6
907 7
908 8
909 8
910 1
911 1
912 1
913 1
914 1
915 1
916 1
917 1
918 1
919 1
920 1
921 1
922 1
923 1
924 1
925 1
926 1
927 1
928 1
929 2
930 2
931 1
932 2
933 2
934 2
935 2
936 2
937 2
938 2
939 3
940 3
941 1
942 2
943 3
944 3
945 3
946 3
947 3
948 3
949 4
950 4
951 1
952 2
953 3
954 4
955 4
956 4
957 4
958 4
959 5
960 5
961 1
962 2
963 3
964 4
965 5
966 5
967 5
968 5
969 6
970 6
971 1
972 2
973 3
974 4
975 5
976 6
977 6
978 6
979 7
980 7
981 1
982 2
983 3
984 4
985 5
986 6
987 7
988 7
989 8
990 8
991 1
992 2
993 3
994 4
995 5
996 6
997 7
998 8
999 9
1000 1
